cam_width:  640
cam_height: 480
cam_fx:     390.912109375
cam_fy:     390.912109375
cam_cx:     324.3339538574219
cam_cy:     234.40078735351562